0.173211629751300
-0.710195611525305
-1.032385035331776
-0.351988351918343
-0.280619705986063
-0.166171537346603
-0.097142285189309
-0.058258825660617
0.000000000000000
-0.163029859970448
0.000000000000000
0.485682193389309
0.940472143660715
0.630249001791664
0.044166628945648
-0.037670136074744
-0.035148063615242
-0.014687590674092
-0.082727557919576
0.159924404093432
0.000000000000000
0.509387199861557
0.305041017177872
0.254981343792677
0.394169044455448
0.397270516535136
0.250378455657828
0.158848972348545
0.106782983794339
0.000000000000000
0.041975834944874
0.000000000000000
0.496454865421890
0.351232985988659
0.323232011287112
0.377327692648511
0.248698307813459
0.157180291112354
0.108882192396359
0.433334145630512
0.038385022739509
0.000000000000000
30.373880003066034
-31.268306513461354
-3.704124768978874
18.651646769847972
-14.646461112797832
-12.858206431167051
-8.457763144695459
-5.323431550959289
0.000000000000000
-0.070857968343952
0.000000000000000
-20.910693341210809
4.165895460285629
14.618454328503661
-16.391918182486375
-13.272577388060686
-8.430692253730250
-4.850880457877290
-17.058203491824202
-0.341375468626681
0.000000000000000
-0.028289309387873
-0.015917571005600
-0.016579723910981
-0.022079647681934
-0.021141655418641
-0.013389832476732
-0.008554021380405
-0.005791476881657
0.000000000000000
-0.017225251668209
0.000000000000000
-0.026750357492454
-0.022018367287598
-0.017985252489500
-0.019987762280244
-0.013281918544971
-0.008461749520503
-0.005911367458953
-0.023824416163225
-0.016868673664117
0.000000000000000
0.287734534687378
0.063326378789526
-0.807771656864472
0.105230581338222
0.270772207888728
0.137321019400099
0.070856939328335
0.039299623870958
0.000000000000000
-0.035415583630446
0.000000000000000
0.169746839508335
-0.748269672985554
0.070273263516451
0.256461109166571
0.135307062557322
0.069308486211504
0.039114881327465
0.101865562018621
-0.037057151132007
0.000000000000000
-0.015509708167000
0.003863461025335
-0.013217654108552
-0.016431241377235
0.002428120328553
0.003817658179809
0.002785393473008
0.001824410339326
0.000000000000000
0.011296215942156
0.000000000000000
0.019046011858342
0.017375345599196
0.003758410355620
0.009405627022529
0.006416585673267
0.003911861064156
0.002354559986164
0.007816816561323
-0.010867047221259
0.000000000000000
-1.996107095381476
1.822052336509413
0.246219283428693
-0.994963123747242
0.995481895213312
0.838707934795159
0.546555642390988
0.343316269326560
0.000000000000000
0.005091065467199
0.000000000000000
1.137417699111307
-0.266448453808042
-0.732515646016856
1.107418314038753
0.865463064563374
0.544555740753981
0.314341024547501
1.094056536404288
0.022696951552867
0.000000000000000
0.009953928416259
0.186783273207237
0.010210359816431
-0.205466417527588
-0.056831923276281
-0.012830017610569
-0.003185931631505
-0.000999855681139
0.000000000000000
-0.000695703298425
0.000000000000000
-0.212281119932846
-0.004341582170106
0.178463832588435
0.070578765446489
0.025348691136229
0.010610698383697
0.004488131787753
0.005849215733839
-0.000180332074660
0.000000000000000
