-0.176656829762419
-0.113978948151965
-0.186870363383244
-0.351422929441425
-0.807293808427490
-0.573749144683101
-0.070418563843244
-0.001605574932493
0.000000000000000
-0.265940179536875
0.000000000000000
0.056385670858429
0.122206087553078
0.546209345270542
0.760806819686334
0.285836368731247
0.214210056796273
0.106473033484604
0.201836805140622
0.242914109897551
0.000000000000000
1.379579338248564
0.361672253454173
0.301349739002152
0.206518369088685
0.431571232283688
0.308753261609941
0.395733060823609
0.326433687920110
0.000000000000000
0.356622075642941
0.000000000000000
0.272076649513069
0.363909583097246
0.387429673168415
0.463054300345984
0.069993160364191
0.319138107479328
0.267802128932675
1.440028553524477
0.295952801109778
0.000000000000000
1.032977234383010
0.511535853534216
-0.344577279521346
-2.774051872403831
0.413541800970159
3.272158367309939
-0.864114000735420
-0.676979247852115
0.000000000000000
0.259739782676461
0.000000000000000
0.099889928240567
0.393125080795915
-2.225854536084057
-0.473691997391427
3.974339933278089
-0.030330893147337
0.020421243467272
-0.840168417714199
0.019516122228418
0.000000000000000
-0.155784074565747
-0.041848069297018
-0.025553934397275
-0.001510333215783
-0.043756010027294
-0.026275024987910
-0.030962473628135
-0.028944386433149
0.000000000000000
-0.123121366707126
0.000000000000000
-0.028173015191356
-0.035689026436455
-0.027338870538307
-0.045094874728903
-0.000996448369935
-0.020579136232037
-0.022585031712879
-0.150299798105683
-0.120492685338646
0.000000000000000
-0.133874795588442
-0.025416740395999
0.094003139228446
0.027858612433859
-0.628791161101545
0.003787100587517
0.033905173824301
0.020571268944570
0.000000000000000
-0.234370247260164
0.000000000000000
0.030094226814534
0.069851991837350
-0.048278826802079
-0.600140100237797
-0.015162261713371
0.109887318013472
0.045844663335992
-0.133733818253018
-0.219975726395072
0.000000000000000
0.031305285001541
0.012853350696299
-0.009021382233023
-0.067816625722219
0.009785408851862
0.020383081133647
-0.073124648207930
-0.041400156857964
0.000000000000000
0.154643087101678
0.000000000000000
0.025483189722432
0.054365739318734
-0.001580469965342
-0.013268448171552
0.085619580989490
0.006761866352526
0.000350550246767
-0.021847580660852
-0.153315064178401
0.000000000000000
-0.491800552790250
-0.263390568940287
-0.158676070578142
0.372476785757907
-0.084604610271347
-0.481873838345024
0.477980034320627
0.308568533719021
0.000000000000000
-0.069226124284788
0.000000000000000
-0.172320696509185
-0.348622423427711
0.217784602538067
0.100669850779423
-0.688519254463552
0.258536873396235
0.144144450808899
0.474312254798913
-0.005663123602592
0.000000000000000
0.005507264041094
-0.008699024388445
0.051803777491950
0.144605678633140
-0.008342791306730
-0.164961653715069
-0.035426354081706
-0.015278974218275
0.000000000000000
0.005348016113636
0.000000000000000
-0.026131608341577
-0.067207227727516
-0.135438757980350
-0.005493793645956
0.114424928163968
0.064434761474632
0.024675768493779
0.018362014863204
-0.018660190294719
0.000000000000000
