-0.068550154929263
-0.027091654518659
-0.041977649510704
-0.080997606507427
-0.195772339431142
-0.532196193108446
-0.930419830321358
-0.627021374421367
0.000000000000000
-0.166650103717382
0.000000000000000
0.011580956093248
0.023397483949360
0.055528792824438
0.158624358551029
0.527738638771621
0.967174778211365
0.425246846360249
0.111893509491756
0.164934208474778
0.000000000000000
0.440602267567688
0.115724408640627
0.168768250058994
0.264977785908393
0.393380095648574
0.300143725442586
0.358227669852418
0.490245623591154
0.000000000000000
0.038584226645671
0.000000000000000
0.115564089191207
0.172355156061693
0.270163919085577
0.419255963576173
0.373521821664329
0.249878356773247
0.328100981404339
0.491804402863061
0.042206057608512
0.000000000000000
16.795589460880219
5.644220187222313
8.822995953025519
13.813282434271237
16.126074903616477
-16.843962463148351
-1.699828792556972
19.031723749269233
0.000000000000000
0.322655390874085
0.000000000000000
5.833234408071910
9.313520844178772
13.811271930384338
15.278653824972059
-19.374992477455027
4.501182370194035
30.061801409144550
-29.716174889320047
0.082394973249098
0.000000000000000
-0.029002816003735
-0.007898757318699
-0.011626666699699
-0.018149572251420
-0.025602072538460
-0.012327965468685
-0.021609859982149
-0.031382136702936
0.000000000000000
-0.017095716953253
0.000000000000000
-0.007943124329755
-0.011961359513589
-0.018470902287403
-0.026932125501251
-0.016116692473933
-0.017387804456942
-0.025124611197274
-0.018465824920346
-0.017324166705473
0.000000000000000
0.103533818730628
0.040844850057672
0.072892917645157
0.140207653971470
0.260868341269123
0.035535195210370
-0.744785468079036
0.191493242187230
0.000000000000000
-0.037568836451890
0.000000000000000
0.040493047129440
0.075215201786798
0.144226235436014
0.275965719870709
0.067817860186590
-0.807121198360226
0.095629144415234
0.285955111002893
-0.035784713522147
0.000000000000000
0.002165850400150
0.000663477420644
0.001050167517104
0.001396550978522
-0.000051753906431
-0.012601376484169
-0.017777779425028
-0.007551799078256
0.000000000000000
0.011335649330916
0.000000000000000
0.001409670125720
0.002358172615581
0.003947803775348
0.006425741554567
0.006544322132189
0.017260838104116
0.013000460185576
-0.003608125762094
-0.011394800845884
0.000000000000000
-1.078399444997511
-0.363041706181020
-0.569696553711123
-0.899773310495976
-1.093167157304758
0.870474660208502
0.121958856846347
-1.025479537865596
0.000000000000000
-0.021640957841930
0.000000000000000
-0.374984269753491
-0.599717960085195
-0.898677718470874
-1.036526522363661
1.040180933361336
-0.289585936649809
-1.747697768519167
1.955488200813652
-0.005854144894036
0.000000000000000
0.004465259531230
0.004888212922685
0.010239067852876
0.024961060854367
0.071014565660527
0.181876837977611
-0.017247397839109
-0.207576080080337
0.000000000000000
-0.000131908596374
0.000000000000000
-0.000908112524829
-0.003764366369468
-0.014244949172393
-0.060802341238533
-0.207220671663961
0.024099162697429
0.177357905547793
0.012022044522678
-0.000675965609967
0.000000000000000
