-0.074535024668822
-0.028636471667330
-0.044018977092714
-0.083038217185258
-0.193219294603565
-0.507086779751484
-0.929551479298239
-0.659480847148020
0.000000000000000
-0.166989843459376
0.000000000000000
0.009128077876465
0.019519230757229
0.048809372596390
0.146044372470800
0.508500481228461
0.967407105974298
0.437216403392450
0.124070121601359
0.164747674573517
0.000000000000000
0.434318353818126
0.113274328176994
0.164554811725208
0.257738599462739
0.384652549331573
0.311102418165109
0.352541110287923
0.501272915520651
0.000000000000000
0.038807624861667
0.000000000000000
0.113028836223981
0.168145256736676
0.263162820197314
0.411330795588592
0.386412822963756
0.250130304108681
0.324846765502124
0.492277274829790
0.042458452606716
0.000000000000000
16.379252067717804
5.473828629334583
8.523043058683639
13.318615880087282
15.778851183284873
-15.072429250129407
-3.143437445648854
20.052399505213447
0.000000000000000
0.352512635407174
0.000000000000000
5.620017800079864
9.035219893768250
13.355289222593395
15.044212391386431
-18.000025241475864
2.952435054291380
31.753897795900020
-29.917262617171506
0.105550173378007
0.000000000000000
-0.028334666934454
-0.007646142395918
-0.011200445843829
-0.017434718827050
-0.024776474894090
-0.013396826977813
-0.021098573113047
-0.032157603495570
0.000000000000000
-0.017128290994294
0.000000000000000
-0.007671486145608
-0.011539463160923
-0.017788459649850
-0.026218982811133
-0.017311912529433
-0.017142732569991
-0.025059090738989
-0.018747790061888
-0.017346958364685
0.000000000000000
0.091873513141247
0.036632712128360
0.065941753424058
0.128516706175162
0.247151152589821
0.076745818948363
-0.746052177229962
0.158073964974634
0.000000000000000
-0.037731855459302
0.000000000000000
0.037050799993351
0.067572148237096
0.132301763666974
0.262212730486447
0.112828031990391
-0.809489885432172
0.048256166134409
0.303635060527211
-0.035724423184345
0.000000000000000
0.002613194055013
0.000813689127140
0.001282537967100
0.001772501613129
0.000529046446326
-0.012278993201160
-0.017972282051315
-0.007320892928839
0.000000000000000
0.011368771780965
0.000000000000000
0.001541566904677
0.002578277881966
0.004240356799108
0.006700083989035
0.005825761307959
0.017348836113457
0.014687462983681
-0.004737927651750
-0.011383175583498
0.000000000000000
-1.052714056139916
-0.352422910863651
-0.550934390026912
-0.868652531654192
-1.070427342031391
0.760338765364658
0.203767616834556
-1.086122656079005
0.000000000000000
-0.023453871401084
0.000000000000000
-0.361718746627800
-0.582279564844460
-0.869916586680521
-1.020679354590409
0.955238951793886
-0.200082943581999
-1.852855738331059
1.967858251981375
-0.007238983673791
0.000000000000000
0.004137005231678
0.004787656125088
0.010011432672557
0.024271297202913
0.068577045067790
0.178845856570944
-0.003583218714483
-0.213731229431762
0.000000000000000
-0.000166098111367
0.000000000000000
-0.001233601923406
-0.003404567242610
-0.013498740859094
-0.058004224431498
-0.203838151082438
0.009971800194819
0.184582028993089
0.011653475413420
-0.000633332279319
0.000000000000000
