255.614429558407807
-103.595322129053926
111.834173568362615
471.470610243422470
-104.226073846544665
254.558444491363559
-45.372496118499178
862.003801166574021
60.504572675381574
0.000000000000000
0.000000000000000
0.000000000000000
-409.431274070936070
68.502945081933106
-118.523231050830219
-1733.660277664527030
41.070701037837388
-406.541485270949636
-29.689095545174538
-1319.525331713999321
-139.793990430469734
0.000000000000000
0.000000000000000
0.000000000000000
0.235866972953102
-0.563792137597064
-0.271559785319967
2.819914332941959
-0.533451206489784
0.190994085012844
-0.431047107966091
2.283937986021339
-0.145506746389355
0.000000000000000
0.000000000000000
0.000000000000000
-0.023316108130982
-0.220762771884773
0.194506683421580
0.852777285427585
-0.264800851527650
-0.077005858072422
0.164848174156368
0.612212755601998
0.039657398505416
0.000000000000000
0.000000000000000
0.000000000000000
0.126640508337595
-0.352521231851685
-0.174263426391683
1.715496955558368
-0.361459121807937
0.071642866226519
-0.267082237412109
1.375488753233193
-0.008200164150354
0.000000000000000
0.000000000000000
0.000000000000000
-0.291233965866944
0.277945249203152
-0.009016656733043
-0.083472064551915
-0.257308782493427
0.242284699202410
0.004052172690905
-0.045525967350629
-0.005661741924230
0.000000000000000
0.000000000000000
0.000000000000000
8.791397603697300
-1.426556591642346
2.533898720514954
37.077746644760268
-0.929625935131634
8.640050700234141
0.635833171785228
28.214435611593352
2.988946020348973
0.000000000000000
0.000000000000000
0.000000000000000
-5.510139848271223
2.237820792386771
-2.366686827843951
-10.145658432478228
2.251382960081953
-5.488302063145178
0.936442121262331
-18.566472045047551
-1.302676889858713
0.000000000000000
0.000000000000000
0.000000000000000
