255.614429555217811
-103.595322127520689
111.834173567706046
471.470610232651779
-104.226073845078631
254.558444488084973
-45.372496118464795
862.003801162648756
60.504572674711561
0.000000000000000
0.000000000000000
0.000000000000000
-409.431274064027264
68.502945078278145
-118.523231049283282
-1733.660277642990877
41.070701034133940
-406.541485263683740
-29.689095545378951
-1319.525331706645602
-139.793990429138120
0.000000000000000
0.000000000000000
0.000000000000000
0.235866972957048
-0.563792137593614
-0.271559785317980
2.819914332970580
-0.533451206485468
0.190994085016139
-0.431047107964589
2.283937986057115
-0.145506746386365
0.000000000000000
0.000000000000000
0.000000000000000
-0.023316108133309
-0.220762771883286
0.194506683421142
0.852777285420350
-0.264800851526046
-0.077005858074963
0.164848174156455
0.612212755601117
0.039657398505053
0.000000000000000
0.000000000000000
0.000000000000000
0.126640508340402
-0.352521231849627
-0.174263426390503
1.715496955578460
-0.361459121805137
0.071642866228733
-0.267082237411080
1.375488753255853
-0.008200164148386
0.000000000000000
0.000000000000000
0.000000000000000
-0.291233965867073
0.277945249202960
-0.009016656732998
-0.083472064554038
-0.257308782493650
0.242284699202288
0.004052172690752
-0.045525967351593
-0.005661741924363
0.000000000000000
0.000000000000000
0.000000000000000
8.791397603549528
-1.426556591564211
2.533898720481871
37.077746644299467
-0.929625935052442
8.640050700078714
0.635833171789584
28.214435611435984
2.988946020320479
0.000000000000000
0.000000000000000
0.000000000000000
-5.510139848202609
2.237820792353780
-2.366686827829836
-10.145658432246533
2.251382960050388
-5.488302063074631
0.936442121261588
-18.566472044963223
-1.302676889844306
0.000000000000000
0.000000000000000
0.000000000000000
