-23.542695662206359
22.409999116526400
19.644110314374100
-27.978577922165258
38.512764549512049
-45.244387216784169
23.340325364213459
-14.227128058931868
-0.038052469448547
0.000000000000000
0.000000000000000
0.000000000000000
-0.127013767720902
-1.572199488477068
30.419042785605850
-19.614912779380756
-36.563258635827303
-28.883939574653596
-21.619968769978936
30.814642179193278
-1.691894470107399
0.000000000000000
0.000000000000000
0.000000000000000
-0.466633375370384
-0.481647556080123
-0.380577532266427
-0.549201961135124
-0.542392149792424
-0.599142793201201
-0.566775024205301
-0.358391451329230
-0.417203974683038
0.000000000000000
0.000000000000000
0.000000000000000
-0.165445911508957
-0.160610107445813
0.061237907410073
0.136639447413015
-0.472749444665918
-0.491402289903159
0.142794060126943
0.060337436093887
-0.044337741670856
0.000000000000000
0.000000000000000
0.000000000000000
-0.274217636085348
-0.292417979693558
-0.255553745792586
-0.361830501839973
-0.510443501526178
-0.538140441493411
-0.379632465506449
-0.238964672626796
-0.188870197249652
0.000000000000000
0.000000000000000
0.000000000000000
-0.056370933186367
0.067691657270589
-0.209101327164553
0.139400480294826
-0.199913017992021
0.224231359745327
-0.119357344548865
0.209022518405364
-0.000401699055332
0.000000000000000
0.000000000000000
0.000000000000000
0.000495964417637
0.034221022178533
-0.764782008348172
0.456903908974297
0.752693627991507
0.562215377357065
0.504699544977522
-0.773294588999999
0.023219873621252
0.000000000000000
0.000000000000000
0.000000000000000
0.492775948190405
-0.472361589227463
-0.382949545862415
0.632771498978591
-0.816666660582868
0.953841309694759
-0.537890895437434
0.265143011225878
0.000425017184461
0.000000000000000
0.000000000000000
0.000000000000000
